 24 0 40
 24 0 48
 24 8 40
 24 16 40
 32 0 48
 32 8 40
 32 8 48
 32 8 56
 32 8 64
 32 16 40
 32 16 48
 32 16 56
 32 24 40
 32 24 48
 32 24 56
 32 32 40
 40 8 48
 40 8 56
 40 16 40
 40 16 48
 40 16 56
 40 24 48
 40 24 56
 40 24 64
 40 32 48
 40 32 56
 40 32 64
 40 40 48
 40 40 56
 40 40 64
 48 0 56
 48 8 48
 48 8 56
 48 16 40
 48 16 48
 48 16 56
 48 16 64
 48 24 48
 48 24 56
 48 24 64
 48 24 72
 48 32 56
 48 32 64
 48 32 72
 48 40 48
 48 40 56
 48 40 64
 48 40 72
 48 48 64
 48 56 56
 48 64 48
 48 64 64
 56 16 48
 56 16 56
 56 16 64
 56 16 72
 56 24 48
 56 24 56
 56 24 64
 56 24 72
 56 24 80
 56 32 48
 56 32 56
 56 32 64
 56 32 72
 56 32 80
 56 40 48
 56 40 56
 56 40 64
 56 40 80
 56 48 48
 56 48 56
 56 48 64
 56 48 72
 56 56 48
 56 56 56
 56 56 64
 56 56 80
 56 64 48
 56 64 56
 56 64 64
 56 72 56
 64 16 40
 64 16 56
 64 16 64
 64 24 48
 64 24 56
 64 24 64
 64 24 72
 64 24 80
 64 32 48
 64 32 56
 64 32 64
 64 32 72
 64 32 80
 64 32 88
 64 40 48
 64 40 56
 64 40 64
 64 40 72
 64 40 80
 64 48 56
 64 48 64
 64 48 72
 64 48 88
 64 56 48
 64 56 56
 64 56 64
 64 56 72
 64 56 80
 64 56 88
 64 56 96
 64 64 56
 64 64 64
 64 64 80
 64 72 56
 64 72 64
 64 80 56
 64 80 72
 64 80 88
 64 88 64
 72 24 48
 72 24 56
 72 24 64
 72 24 72
 72 24 80
 72 32 48
 72 32 56
 72 32 64
 72 32 72
 72 32 80
 72 40 48
 72 40 56
 72 40 64
 72 40 72
 72 40 80
 72 48 56
 72 48 64
 72 48 72
 72 48 80
 72 48 88
 72 48 96
 72 56 56
 72 56 64
 72 56 72
 72 56 80
 72 56 96
 72 64 56
 72 64 64
 72 64 72
 72 64 80
 72 72 48
 72 72 56
 72 72 64
 72 72 72
 72 72 96
 72 80 56
 72 80 64
 72 80 72
 72 88 64
 72 88 72
 72 96 56
 72 96 72
 72 96 96
 72 104 72
 80 24 56
 80 24 64
 80 24 72
 80 32 48
 80 32 56
 80 32 64
 80 32 72
 80 32 80
 80 40 48
 80 40 56
 80 40 64
 80 40 72
 80 40 80
 80 48 56
 80 48 64
 80 48 72
 80 48 80
 80 48 88
 80 56 48
 80 56 56
 80 56 64
 80 56 72
 80 56 80
 80 56 88
 80 56 96
 80 64 48
 80 64 56
 80 64 64
 80 64 72
 80 64 80
 80 64 88
 80 64 96
 80 64 104
 80 72 48
 80 72 56
 80 72 64
 80 72 72
 80 72 80
 80 72 88
 80 72 96
 80 72 104
 80 72 112
 80 80 56
 80 80 64
 80 80 72
 80 80 80
 80 80 88
 80 80 96
 80 88 56
 80 88 64
 80 88 80
 80 88 88
 80 88 96
 80 88 104
 80 88 112
 80 88 120
 80 96 64
 80 96 72
 80 96 80
 80 96 88
 80 96 120
 80 104 64
 80 104 72
 80 104 120
 80 104 144
 80 104 152
 80 112 80
 80 112 136
 80 112 144
 80 120 152
 80 176 120
 88 32 56
 88 32 64
 88 32 72
 88 40 56
 88 40 64
 88 40 72
 88 40 80
 88 48 56
 88 48 64
 88 48 72
 88 48 80
 88 48 88
 88 48 96
 88 56 56
 88 56 64
 88 56 72
 88 56 80
 88 56 88
 88 56 96
 88 64 48
 88 64 56
 88 64 64
 88 64 72
 88 64 80
 88 64 88
 88 64 96
 88 64 104
 88 64 112
 88 64 120
 88 72 56
 88 72 64
 88 72 72
 88 72 80
 88 72 88
 88 72 96
 88 72 104
 88 72 112
 88 72 120
 88 80 56
 88 80 64
 88 80 72
 88 80 80
 88 80 88
 88 80 96
 88 80 104
 88 80 112
 88 80 120
 88 88 56
 88 88 64
 88 88 72
 88 88 80
 88 88 88
 88 88 96
 88 88 104
 88 88 112
 88 88 120
 88 96 56
 88 96 64
 88 96 72
 88 96 80
 88 96 88
 88 96 104
 88 96 120
 88 96 136
 88 104 64
 88 104 72
 88 104 80
 88 104 88
 88 104 96
 88 104 112
 88 104 120
 88 104 128
 88 104 136
 88 104 144
 88 112 72
 88 112 80
 88 112 120
 88 112 128
 88 112 136
 88 112 144
 88 112 152
 88 112 160
 88 120 136
 88 120 144
 88 120 152
 88 120 160
 88 120 168
 88 128 152
 88 128 160
 88 128 168
 88 136 168
 88 176 136
 96 40 56
 96 40 64
 96 40 72
 96 40 80
 96 48 56
 96 48 64
 96 48 72
 96 48 80
 96 48 88
 96 56 56
 96 56 64
 96 56 72
 96 56 80
 96 56 88
 96 56 96
 96 64 56
 96 64 64
 96 64 72
 96 64 80
 96 64 88
 96 64 96
 96 72 56
 96 72 64
 96 72 72
 96 72 80
 96 72 88
 96 72 96
 96 72 104
 96 72 112
 96 72 120
 96 80 64
 96 80 72
 96 80 80
 96 80 88
 96 80 96
 96 80 104
 96 80 112
 96 80 120
 96 80 128
 96 88 56
 96 88 64
 96 88 72
 96 88 80
 96 88 88
 96 88 96
 96 88 104
 96 88 112
 96 88 120
 96 96 64
 96 96 72
 96 96 80
 96 96 88
 96 96 96
 96 96 104
 96 96 112
 96 96 120
 96 104 64
 96 104 80
 96 104 88
 96 104 96
 96 104 104
 96 104 112
 96 104 120
 96 104 128
 96 104 136
 96 112 56
 96 112 72
 96 112 96
 96 112 104
 96 112 112
 96 112 120
 96 112 128
 96 112 136
 96 112 144
 96 112 152
 96 120 72
 96 120 80
 96 120 88
 96 120 96
 96 120 128
 96 120 136
 96 120 144
 96 120 152
 96 120 160
 96 120 168
 96 128 72
 96 128 88
 96 128 104
 96 128 144
 96 128 152
 96 128 160
 96 128 168
 96 136 88
 96 136 96
 96 136 104
 96 136 160
 96 136 168
 96 136 176
 96 144 88
 96 144 160
 96 144 168
 96 144 176
 96 184 136
 104 40 64
 104 48 56
 104 48 64
 104 48 72
 104 48 80
 104 48 88
 104 56 56
 104 56 64
 104 56 72
 104 56 80
 104 56 88
 104 56 96
 104 64 56
 104 64 64
 104 64 72
 104 64 80
 104 64 88
 104 64 96
 104 72 56
 104 72 64
 104 72 72
 104 72 80
 104 72 88
 104 72 96
 104 72 104
 104 72 112
 104 80 64
 104 80 72
 104 80 80
 104 80 88
 104 80 96
 104 80 104
 104 80 112
 104 80 128
 104 80 136
 104 88 64
 104 88 72
 104 88 80
 104 88 88
 104 88 96
 104 88 104
 104 88 112
 104 88 120
 104 88 128
 104 88 136
 104 96 64
 104 96 72
 104 96 80
 104 96 88
 104 96 96
 104 96 104
 104 96 112
 104 96 120
 104 96 128
 104 96 136
 104 104 72
 104 104 80
 104 104 88
 104 104 96
 104 104 104
 104 104 112
 104 104 120
 104 112 80
 104 112 88
 104 112 96
 104 112 104
 104 112 112
 104 112 120
 104 112 128
 104 112 136
 104 112 144
 104 120 72
 104 120 80
 104 120 88
 104 120 96
 104 120 104
 104 120 112
 104 120 120
 104 120 128
 104 120 136
 104 120 144
 104 120 152
 104 120 160
 104 128 72
 104 128 80
 104 128 88
 104 128 96
 104 128 104
 104 128 120
 104 128 144
 104 128 152
 104 128 160
 104 128 168
 104 136 80
 104 136 88
 104 136 152
 104 136 160
 104 136 168
 104 136 176
 104 144 88
 104 144 96
 104 144 104
 104 144 112
 104 144 144
 104 144 160
 104 144 168
 104 144 176
 104 152 104
 104 152 112
 104 152 168
 104 152 176
 112 48 64
 112 48 72
 112 56 64
 112 56 72
 112 56 80
 112 56 88
 112 64 64
 112 64 72
 112 64 80
 112 64 88
 112 64 96
 112 64 104
 112 72 64
 112 72 72
 112 72 80
 112 72 88
 112 72 96
 112 72 104
 112 80 64
 112 80 72
 112 80 80
 112 80 88
 112 80 96
 112 80 104
 112 80 112
 112 80 120
 112 88 64
 112 88 72
 112 88 80
 112 88 88
 112 88 96
 112 88 104
 112 88 112
 112 88 120
 112 88 128
 112 88 136
 112 96 72
 112 96 80
 112 96 88
 112 96 96
 112 96 104
 112 96 112
 112 96 120
 112 96 128
 112 96 136
 112 104 72
 112 104 80
 112 104 88
 112 104 96
 112 104 104
 112 104 112
 112 104 120
 112 104 128
 112 104 136
 112 104 144
 112 112 80
 112 112 88
 112 112 96
 112 112 104
 112 112 112
 112 112 120
 112 112 128
 112 112 136
 112 112 144
 112 120 88
 112 120 96
 112 120 104
 112 120 112
 112 120 120
 112 120 128
 112 120 136
 112 120 144
 112 128 72
 112 128 80
 112 128 88
 112 128 96
 112 128 104
 112 128 112
 112 128 120
 112 128 128
 112 128 136
 112 128 144
 112 128 152
 112 128 160
 112 128 168
 112 136 96
 112 136 104
 112 136 112
 112 136 136
 112 136 144
 112 136 152
 112 136 160
 112 136 168
 112 144 88
 112 144 104
 112 144 112
 112 144 160
 112 144 168
 112 152 96
 112 152 104
 112 152 112
 112 152 128
 112 152 160
 112 152 176
 112 152 184
 112 160 96
 112 160 176
 112 160 184
 112 160 192
 112 168 104
 112 168 120
 112 168 192
 112 176 128
 120 56 64
 120 56 72
 120 56 80
 120 56 88
 120 64 64
 120 64 72
 120 64 80
 120 64 88
 120 64 96
 120 64 104
 120 72 64
 120 72 72
 120 72 80
 120 72 88
 120 72 96
 120 72 104
 120 80 56
 120 80 64
 120 80 72
 120 80 80
 120 80 88
 120 80 96
 120 80 104
 120 80 112
 120 88 64
 120 88 72
 120 88 80
 120 88 88
 120 88 96
 120 88 104
 120 88 112
 120 88 120
 120 96 72
 120 96 80
 120 96 88
 120 96 96
 120 96 104
 120 96 112
 120 96 120
 120 96 128
 120 96 136
 120 104 72
 120 104 80
 120 104 88
 120 104 96
 120 104 104
 120 104 112
 120 104 120
 120 104 128
 120 104 136
 120 112 80
 120 112 88
 120 112 96
 120 112 104
 120 112 112
 120 112 120
 120 112 128
 120 112 136
 120 120 96
 120 120 104
 120 120 112
 120 120 120
 120 120 128
 120 120 136
 120 120 144
 120 120 152
 120 128 104
 120 128 112
 120 128 120
 120 128 128
 120 128 136
 120 128 144
 120 128 152
 120 136 88
 120 136 96
 120 136 104
 120 136 112
 120 136 120
 120 136 128
 120 136 136
 120 136 144
 120 136 152
 120 136 160
 120 136 168
 120 136 176
 120 144 88
 120 144 96
 120 144 104
 120 144 112
 120 144 120
 120 144 128
 120 144 136
 120 144 144
 120 144 152
 120 144 160
 120 144 168
 120 144 176
 120 152 96
 120 152 104
 120 152 112
 120 152 128
 120 152 144
 120 152 152
 120 152 160
 120 152 168
 120 152 176
 120 152 184
 120 152 192
 120 160 104
 120 160 112
 120 160 120
 120 160 160
 120 160 168
 120 160 176
 120 160 184
 120 160 192
 120 168 120
 120 168 128
 120 168 152
 120 168 176
 120 168 184
 120 168 192
 120 176 144
 120 184 144
 120 184 160
 120 192 168
 128 64 64
 128 64 72
 128 64 80
 128 64 104
 128 72 72
 128 72 80
 128 72 88
 128 72 96
 128 72 112
 128 80 64
 128 80 72
 128 80 80
 128 80 88
 128 80 96
 128 80 104
 128 88 64
 128 88 72
 128 88 80
 128 88 88
 128 88 96
 128 88 104
 128 88 112
 128 96 64
 128 96 72
 128 96 80
 128 96 88
 128 96 96
 128 96 104
 128 96 112
 128 96 120
 128 96 128
 128 104 80
 128 104 88
 128 104 96
 128 104 104
 128 104 112
 128 104 120
 128 104 128
 128 104 136
 128 104 144
 128 112 80
 128 112 88
 128 112 96
 128 112 104
 128 112 112
 128 112 120
 128 112 128
 128 112 136
 128 112 144
 128 120 80
 128 120 88
 128 120 96
 128 120 104
 128 120 112
 128 120 120
 128 120 128
 128 120 136
 128 120 144
 128 120 152
 128 128 88
 128 128 96
 128 128 104
 128 128 112
 128 128 120
 128 128 128
 128 128 136
 128 128 144
 128 128 152
 128 128 168
 128 136 112
 128 136 120
 128 136 128
 128 136 136
 128 136 144
 128 136 152
 128 136 160
 128 144 88
 128 144 120
 128 144 128
 128 144 136
 128 144 144
 128 144 152
 128 144 160
 128 144 168
 128 144 176
 128 152 104
 128 152 112
 128 152 120
 128 152 128
 128 152 136
 128 152 144
 128 152 152
 128 152 160
 128 152 168
 128 152 176
 128 152 184
 128 152 192
 128 160 120
 128 160 144
 128 160 160
 128 160 168
 128 160 176
 128 160 184
 128 160 192
 128 160 200
 128 168 120
 128 168 160
 128 168 168
 128 168 176
 128 168 184
 128 168 192
 128 168 208
 128 176 136
 128 176 144
 128 176 176
 128 176 184
 128 176 192
 128 184 152
 128 184 160
 128 192 176
 136 56 80
 136 64 72
 136 64 80
 136 64 88
 136 72 72
 136 72 80
 136 72 88
 136 72 96
 136 80 72
 136 80 80
 136 80 88
 136 80 96
 136 88 72
 136 88 80
 136 88 88
 136 88 96
 136 88 104
 136 88 112
 136 96 72
 136 96 80
 136 96 88
 136 96 96
 136 96 104
 136 96 112
 136 96 120
 136 104 80
 136 104 88
 136 104 96
 136 104 104
 136 104 112
 136 104 120
 136 112 88
 136 112 96
 136 112 104
 136 112 112
 136 112 120
 136 112 128
 136 112 144
 136 112 152
 136 120 80
 136 120 88
 136 120 96
 136 120 104
 136 120 112
 136 120 120
 136 120 128
 136 120 136
 136 120 144
 136 120 152
 136 128 88
 136 128 96
 136 128 104
 136 128 112
 136 128 120
 136 128 128
 136 128 136
 136 128 144
 136 128 152
 136 128 160
 136 128 168
 136 136 88
 136 136 104
 136 136 112
 136 136 120
 136 136 128
 136 136 136
 136 136 144
 136 136 152
 136 136 160
 136 136 168
 136 144 96
 136 144 120
 136 144 128
 136 144 136
 136 144 144
 136 144 152
 136 144 160
 136 144 168
 136 152 112
 136 152 128
 136 152 136
 136 152 144
 136 152 152
 136 152 160
 136 152 168
 136 152 176
 136 160 136
 136 160 144
 136 160 152
 136 160 160
 136 160 168
 136 160 176
 136 160 192
 136 160 200
 136 168 152
 136 168 168
 136 168 176
 136 168 184
 136 168 192
 136 168 200
 136 168 208
 136 176 136
 136 176 160
 136 176 176
 136 176 184
 136 176 208
 136 184 160
 136 184 168
 136 184 176
 136 192 184
 136 192 192
 144 0 216
 144 64 80
 144 64 88
 144 72 72
 144 72 80
 144 72 88
 144 72 96
 144 72 104
 144 80 72
 144 80 80
 144 80 88
 144 80 96
 144 88 72
 144 88 80
 144 88 88
 144 88 96
 144 88 104
 144 88 112
 144 96 64
 144 96 72
 144 96 80
 144 96 88
 144 96 96
 144 96 104
 144 96 112
 144 104 80
 144 104 88
 144 104 96
 144 104 104
 144 104 112
 144 104 152
 144 104 160
 144 112 88
 144 112 96
 144 112 104
 144 112 112
 144 112 120
 144 112 128
 144 112 160
 144 120 104
 144 120 112
 144 120 120
 144 120 128
 144 120 136
 144 120 144
 144 128 88
 144 128 96
 144 128 104
 144 128 112
 144 128 120
 144 128 128
 144 128 136
 144 128 144
 144 128 152
 144 128 160
 144 136 96
 144 136 104
 144 136 120
 144 136 128
 144 136 136
 144 136 144
 144 136 152
 144 136 160
 144 136 168
 144 136 176
 144 144 104
 144 144 112
 144 144 120
 144 144 128
 144 144 136
 144 144 144
 144 144 152
 144 144 160
 144 144 168
 144 144 176
 144 144 184
 144 144 192
 144 152 104
 144 152 112
 144 152 128
 144 152 136
 144 152 144
 144 152 152
 144 152 160
 144 152 168
 144 152 176
 144 152 184
 144 152 192
 144 160 136
 144 160 144
 144 160 152
 144 160 160
 144 160 168
 144 160 176
 144 160 184
 144 160 192
 144 160 200
 144 168 136
 144 168 152
 144 168 160
 144 168 168
 144 168 176
 144 168 184
 144 168 192
 144 168 200
 144 168 208
 144 176 152
 144 176 168
 144 176 176
 144 176 184
 144 176 192
 144 176 208
 144 176 216
 144 184 176
 144 184 184
 144 184 192
 144 184 216
 144 192 176
 144 192 184
 144 192 192
 144 192 208
 144 192 216
 144 192 224
 144 200 216
 144 200 224
 152 0 216
 152 0 224
 152 64 80
 152 72 88
 152 72 96
 152 72 104
 152 72 112
 152 80 72
 152 80 80
 152 80 88
 152 80 96
 152 88 64
 152 88 72
 152 88 80
 152 88 88
 152 88 96
 152 88 104
 152 88 112
 152 88 120
 152 96 72
 152 96 80
 152 96 88
 152 96 96
 152 96 104
 152 96 112
 152 96 120
 152 104 72
 152 104 80
 152 104 88
 152 104 96
 152 104 104
 152 104 112
 152 104 120
 152 104 152
 152 112 80
 152 112 88
 152 112 96
 152 112 104
 152 112 112
 152 112 120
 152 112 128
 152 120 96
 152 120 104
 152 120 112
 152 120 120
 152 120 128
 152 120 136
 152 120 144
 152 120 184
 152 128 88
 152 128 96
 152 128 104
 152 128 112
 152 128 120
 152 128 128
 152 128 136
 152 128 144
 152 128 184
 152 128 216
 152 136 88
 152 136 104
 152 136 112
 152 136 120
 152 136 128
 152 136 136
 152 136 144
 152 136 152
 152 136 176
 152 144 96
 152 144 104
 152 144 112
 152 144 120
 152 144 128
 152 144 136
 152 144 144
 152 144 152
 152 144 160
 152 144 176
 152 152 96
 152 152 104
 152 152 112
 152 152 120
 152 152 128
 152 152 136
 152 152 144
 152 152 152
 152 152 160
 152 152 168
 152 152 176
 152 152 184
 152 152 192
 152 160 112
 152 160 120
 152 160 144
 152 160 152
 152 160 160
 152 160 168
 152 160 176
 152 160 184
 152 160 192
 152 160 200
 152 168 112
 152 168 120
 152 168 144
 152 168 152
 152 168 160
 152 168 168
 152 168 176
 152 168 184
 152 168 192
 152 168 200
 152 168 208
 152 176 136
 152 176 152
 152 176 160
 152 176 168
 152 176 176
 152 176 184
 152 176 192
 152 176 200
 152 176 208
 152 184 160
 152 184 176
 152 184 184
 152 184 192
 152 184 200
 152 184 208
 152 184 216
 152 192 192
 152 192 200
 152 192 208
 152 192 216
 152 192 224
 152 192 248
 152 200 200
 152 200 208
 152 200 216
 152 200 224
 160 0 216
 160 0 224
 160 72 88
 160 80 72
 160 80 80
 160 80 88
 160 80 96
 160 80 104
 160 88 72
 160 88 80
 160 88 88
 160 88 96
 160 88 104
 160 88 112
 160 96 72
 160 96 80
 160 96 88
 160 96 96
 160 96 104
 160 96 112
 160 96 120
 160 104 72
 160 104 80
 160 104 88
 160 104 96
 160 104 104
 160 104 112
 160 104 120
 160 104 128
 160 112 80
 160 112 88
 160 112 96
 160 112 104
 160 112 112
 160 112 120
 160 112 144
 160 120 96
 160 120 104
 160 120 112
 160 120 120
 160 120 136
 160 128 104
 160 128 112
 160 128 120
 160 128 128
 160 128 136
 160 128 144
 160 136 104
 160 136 112
 160 136 120
 160 136 128
 160 136 136
 160 136 144
 160 136 152
 160 136 176
 160 144 96
 160 144 104
 160 144 120
 160 144 128
 160 144 136
 160 144 144
 160 144 160
 160 152 104
 160 152 112
 160 152 120
 160 152 128
 160 152 136
 160 152 144
 160 152 152
 160 152 160
 160 152 168
 160 160 112
 160 160 120
 160 160 128
 160 160 136
 160 160 144
 160 160 152
 160 160 160
 160 160 168
 160 160 184
 160 160 192
 160 160 200
 160 168 112
 160 168 120
 160 168 128
 160 168 136
 160 168 144
 160 168 152
 160 168 160
 160 168 168
 160 168 176
 160 168 184
 160 168 200
 160 168 208
 160 176 112
 160 176 120
 160 176 128
 160 176 136
 160 176 152
 160 176 160
 160 176 168
 160 176 176
 160 176 184
 160 176 192
 160 176 200
 160 176 208
 160 176 216
 160 184 128
 160 184 136
 160 184 168
 160 184 176
 160 184 184
 160 184 192
 160 184 200
 160 184 208
 160 184 216
 160 192 144
 160 192 152
 160 192 184
 160 192 192
 160 192 200
 160 192 208
 160 192 216
 160 192 224
 160 192 248
 160 200 192
 160 200 200
 160 200 208
 160 200 216
 160 200 224
 160 208 208
 168 0 216
 168 0 224
 168 88 72
 168 88 80
 168 88 88
 168 88 96
 168 88 104
 168 88 112
 168 96 72
 168 96 80
 168 96 88
 168 96 96
 168 96 104
 168 96 112
 168 104 72
 168 104 80
 168 104 88
 168 104 96
 168 104 104
 168 104 112
 168 104 120
 168 112 80
 168 112 88
 168 112 96
 168 112 104
 168 112 112
 168 112 120
 168 112 128
 168 120 88
 168 120 96
 168 120 104
 168 120 112
 168 120 120
 168 120 128
 168 120 136
 168 128 96
 168 128 104
 168 128 112
 168 128 120
 168 128 128
 168 136 112
 168 136 120
 168 136 136
 168 136 152
 168 136 184
 168 144 144
 168 144 152
 168 144 160
 168 144 168
 168 152 144
 168 152 152
 168 152 160
 168 152 168
 168 160 128
 168 160 136
 168 160 144
 168 160 152
 168 160 160
 168 160 168
 168 160 176
 168 160 192
 168 168 136
 168 168 144
 168 168 152
 168 168 160
 168 168 168
 168 168 176
 168 168 184
 168 176 120
 168 176 128
 168 176 144
 168 176 152
 168 176 160
 168 176 168
 168 176 176
 168 176 184
 168 184 120
 168 184 128
 168 184 136
 168 184 144
 168 184 160
 168 184 168
 168 184 176
 168 184 184
 168 184 192
 168 184 200
 168 184 216
 168 192 144
 168 192 152
 168 192 160
 168 192 168
 168 192 176
 168 192 184
 168 192 192
 168 192 200
 168 192 208
 168 192 216
 168 192 224
 168 200 192
 168 200 200
 168 200 208
 168 200 216
 168 200 224
 168 208 200
 168 208 208
 176 96 72
 176 96 80
 176 96 88
 176 96 96
 176 96 104
 176 104 72
 176 104 80
 176 104 88
 176 104 96
 176 104 104
 176 104 112
 176 104 120
 176 112 80
 176 112 88
 176 112 96
 176 112 104
 176 112 112
 176 112 120
 176 120 80
 176 120 88
 176 120 96
 176 120 104
 176 120 112
 176 120 120
 176 120 128
 176 128 96
 176 128 104
 176 128 112
 176 128 120
 176 128 128
 176 128 136
 176 136 112
 176 136 120
 176 136 128
 176 136 136
 176 144 104
 176 144 120
 176 144 128
 176 144 136
 176 144 144
 176 144 152
 176 144 160
 176 152 136
 176 152 144
 176 152 152
 176 152 168
 176 152 176
 176 160 128
 176 160 144
 176 160 152
 176 160 160
 176 160 168
 176 160 176
 176 160 184
 176 160 200
 176 168 136
 176 168 144
 176 168 152
 176 168 160
 176 168 168
 176 168 176
 176 168 184
 176 176 136
 176 176 144
 176 176 152
 176 176 160
 176 176 168
 176 176 176
 176 176 184
 176 176 192
 176 184 144
 176 184 152
 176 184 160
 176 184 168
 176 184 176
 176 184 184
 176 184 192
 176 184 200
 176 192 152
 176 192 160
 176 192 168
 176 192 176
 176 192 184
 176 192 192
 176 192 200
 176 192 208
 176 192 216
 176 200 168
 176 200 184
 176 200 192
 176 200 200
 176 200 208
 176 200 216
 176 200 224
 176 208 192
 176 208 200
 176 208 208
 184 96 80
 184 104 80
 184 104 88
 184 104 96
 184 104 104
 184 112 80
 184 112 88
 184 112 96
 184 112 104
 184 112 112
 184 112 120
 184 112 128
 184 120 88
 184 120 96
 184 120 104
 184 120 112
 184 120 120
 184 120 128
 184 128 104
 184 128 112
 184 128 120
 184 136 112
 184 136 120
 184 136 128
 184 144 120
 184 144 128
 184 144 144
 184 152 128
 184 152 136
 184 152 144
 184 160 128
 184 160 136
 184 160 168
 184 160 176
 184 168 136
 184 168 160
 184 168 168
 184 168 176
 184 168 184
 184 176 144
 184 176 152
 184 176 168
 184 176 176
 184 176 184
 184 176 192
 184 184 152
 184 184 160
 184 184 168
 184 184 176
 184 184 184
 184 184 192
 184 184 200
 184 192 160
 184 192 168
 184 192 176
 184 192 184
 184 192 192
 184 192 200
 184 192 208
 184 192 216
 184 200 176
 184 200 184
 184 200 192
 184 200 200
 184 200 208
 184 200 216
 184 208 176
 184 208 184
 184 208 192
 184 208 200
 184 208 208
 184 208 216
 192 112 104
 192 120 96
 192 120 104
 192 128 112
 192 136 112
 192 144 128
 192 144 136
 192 152 120
 192 152 128
 192 152 136
 192 152 144
 192 160 144
 192 160 160
 192 168 144
 192 168 152
 192 168 160
 192 168 184
 192 176 136
 192 176 144
 192 176 152
 192 176 160
 192 176 168
 192 176 176
 192 176 184
 192 176 192
 192 184 160
 192 184 168
 192 184 176
 192 184 184
 192 184 192
 192 184 200
 192 192 168
 192 192 176
 192 192 184
 192 192 192
 192 192 200
 192 192 208
 192 200 168
 192 200 176
 192 200 184
 192 200 192
 192 200 200
 192 200 208
 192 200 216
 192 208 184
 192 208 192
 192 208 200
 192 208 208
 192 208 216
 192 216 184
 192 216 192
 192 216 200
 192 216 208
 192 216 216
 200 160 136
 200 160 152
 200 168 152
 200 168 160
 200 168 168
 200 176 144
 200 176 152
 200 176 160
 200 176 168
 200 176 176
 200 176 184
 200 184 168
 200 184 176
 200 184 184
 200 184 192
 200 192 168
 200 192 176
 200 192 184
 200 192 192
 200 192 200
 200 192 208
 200 200 184
 200 200 192
 200 200 200
 200 200 208
 200 200 216
 200 208 184
 200 208 192
 200 208 200
 200 208 208
 200 208 216
 200 216 192
 200 216 200
 200 216 208
 200 216 216
 200 216 224
 200 224 200
 200 224 208
 200 224 216
 200 224 224
 208 168 160
 208 176 168
 208 176 176
 208 184 176
 208 184 184
 208 192 184
 208 192 192
 208 200 184
 208 200 192
 208 200 200
 208 200 208
 208 200 216
 208 200 224
 208 208 184
 208 208 192
 208 208 200
 208 208 208
 208 208 216
 208 208 224
 208 216 192
 208 216 200
 208 216 208
 208 216 216
 208 216 224
 208 224 200
 208 224 208
 208 224 216
 208 224 224
 208 232 208
 208 232 216
 208 232 224
 216 200 192
 216 200 200
 216 208 200
 216 208 208
 216 208 224
 216 216 200
 216 216 208
 216 216 216
 216 216 224
 216 224 200
 216 224 208
 216 224 216
 216 224 224
 216 224 232
 216 232 208
 216 232 216
 216 232 224
 216 232 232
 224 216 200
 224 216 208
 224 216 216
 224 224 216
 224 224 224
 224 232 208
 224 232 216
 224 232 224
 224 240 208
 224 240 216
 224 240 224
 232 232 224
 232 240 216
 232 240 224